VolUp:      VolDn       AmpPwr      TV_Wii      TV_PC       TVPwr
4460 4400   4460 4400   4460 4400   4480 4360   4480 4360   4420 4340

580 1640    580 1640    580 1640    640 1540    660 1520    600 1600
580 1640    580 1640    580 1620    640 1560    660 1560    580 1600
580 500     580 500     600 500     660 1560    640 1560    600 1580
600 500     580 520     580 520     640 440     660 420     580 500
580 500     580 500     580 500     640 420     640 440     580 500
580 520     600 500     580 520     660 420     640 440     580 520
580 1640    580 1640    580 1620    660 420     640 420     580 500
580 500     580 500     600 500     640 420     660 420     580 500

600 1620    600 1620    580 1640    660 1540    640 1540    580 1620
580 1640    580 1640    580 1640    640 1560    660 1560    560 1620
580 500     580 520     580 500     640 1580    640 1560    580 1600
600 500     580 500     580 520     640 420     640 440     580 500
580 1640    580 1640    580 1620    640 440     620 460     580 500
580 500     580 500     600 500     620 460     620 440     580 520
600 1620    600 1620    580 1640    620 440     640 440     580 500
580 520     580 520     580 500     640 440     620 480     580 520

580 1640    580 1640    580 1640    640 460     580 1580    560 520
580 1620    580 1620    580 520     580 480     620 460     580 1600
580 520     580 520     580 500     600 1580    620 440     580 520
580 520     580 1640    580 520     620 480     640 1580    560 520
580 1620    580 1620    580 500     600 480     620 480     580 500
580 1640    600 1620    600 500     600 460     600 1580    580 500
580 520     580 520     580 500     600 480     620 1580    580 520
580 500     580 500     600 500     600 1620    600 480     580 500

600 500     580 520     580 520     600 1600    600 480     580 1600
580 500     580 520     580 1640    580 1600    600 1600    580 520
580 1640    580 1620    580 1620    600 480     600 1620    560 1620
580 1640    600 500     580 1640    600 1600    600 460     580 1600
580 520     580 500     580 1640    600 1620    600 1620    580 1600
580 500     600 500     580 1640    600 1600    580 460     580 1600
580 1640    580 1640    580 1640    580 1600    600 480     580 1600
580 1640    580 1640    580 1620    600 480     600 1600    580 1600

580 45160   580 45160   580 45180   600 48080   620 48060   580 45920

#2
4460 4400   4440 4400   4440 4420   4460 4360   4460 4380   4440 4340

580 1640    600 1620    580 1620    660 1520    640 1540    600 1580
580 1620    600 1620    580 1640    660 1560    640 1560    580 1600
600 500     580 520     580 520     640 1560    660 1540    580 1600
580 520     580 500     580 500     660 420     660 420     580 520
580 500     580 520     600 500     660 420     660 420     580 500
580 520     580 520     580 500     640 420     660 420     580 520
580 1640    580 1620    600 1620    660 420     640 440     560 520
580 500     580 520     600 500     640 440     640 420     580 500

580 1640    580 1620    580 1640    640 1540    620 1580    580 1620
580 1640    600 1620    580 1620    640 1580    640 1560    560 1600
580 500     580 520     600 500     620 1580    620 1600    580 1620
580 520     580 500     580 500     640 440     620 440     560 520
580 1640    600 1620    600 1620    620 440     620 460     580 500
580 500     580 520     600 500     640 460     620 460     580 520
580 1640    580 1620    580 1640    620 440     620 440     560 520
580 500     600 500     580 500     620 460     640 460     580 500

600 1620    580 1640    580 1640    620 480     580 1620    580 520
600 1620    580 1640    580 500     560 500     580 460     580 1600
580 520     580 500     600 500     580 1620    620 460     580 500
580 500     580 1640    580 520     600 440     620 1620    580 520
580 1640    580 1640    580 500     620 480     580 480     560 520
580 1640    580 1640    600 500     600 480     600 1580    580 500
580 500     580 500     580 500     600 460     640 1580    580 520
580 520     580 520     580 520     620 1600    600 460     580 500

580 500     580 500     580 520     600 1600    600 480     580 1600
580 520     580 520     580 1620    580 1620    600 1620    580 520
580 1640    580 1640    580 1640    580 480     600 1600    560 1620
580 1640    580 500     580 1640    600 1620    600 480     560 1620
580 500     600 500     580 1640    600 1600    600 1600    580 1600
580 500     580 540     580 1640    600 1600    580 480     580 1600
600 1620    540 1640    580 1620    580 1620    600 460     580 1600
600 1620    580 1640    580 1640    600 460     620 1600    580 1600
580 0       580 0       580 0       600         600 48060   580 48060
... Truncated some colums (some remotes repeate more than others)
