_08E7A857_
_C2CACC33_

.592C3C1E.t3C103400t

Raw Received: (TimeON 	TimeOFF)usec
8920 4360       8920 4360       8920 4360       4480 4400       600 1620
620 520         620 520         620 520         580 1620        600 1600
620 520         620 520         620 520         600 1620        600 500
620 520         620 520         620 520         600 480         580 500
620 520         620 520         620 520         600 480         600 480
620 1600        620 1600        620 1600        600 500         600 500
620 520         620 520         620 520         580 500         580 1620
620 520         620 520         620 520         600 1620        600 480
620 520         620 520         620 520         580 500         600 1620
620 1600        620 1600        620 1600        600 1620        600 1620
620 1600        620 1600        620 1600        580 1620        580 500
620 1600        620 1600        620 1600        600 500         600 480
620 520         620 520         620 520         580 500         600 1620
620 520         620 520         620 520         600 1620        600 480
620 1600        620 1600        620 1600        580 500         600 1620
620 1600        620 1600        620 1600        600 1600        600 480
620 1600        620 1600        620 1600        600 500         600 1620
620 1600        620 1600        620 1600        600 1600        580 1620
620 520         620 520         620 520         600 1620        600 500
620 1600        620 1600        620 1600        600 480         580 500
620 520         620 520         620 520         600 500         600 1600
620 1600        620 1600        620 1600        580 1620        600 1620
620 520         620 520         620 520         600 1620        600 480
620 520         620 520         620 520         600 480         600 500
620 520         620 520         620 520         600 500         580 500
620 520         620 520         620 520         580 500         600 500
620 1600        620 1600        620 1600        580 500         580 1620
620 520         620 520         620 520         600 1620        600 1620
620 1600        620 1600        620 1600        580 1620        580 500
620 520         620 520         620 520         600 500         600 480
620 1600        620 1600        620 1600        580 500         600 1620
620 1600        620 1600        620 1600        600 1620        580 1640
620 1600        620 1600        620 1600        580 1620        580 0
620 31820       620 31820       620 31800       600 45180
8920 2180       8920 2180       8920 2180       4480 4380
620 100         620 0           620 0           ..........
                                                
                                                
CodeCaptured:C2CACC33                           
                                                
                                                
                                                
                                                
                                                
                                                
                                                
                                                
                                                
                                                
                                                
                                                
                                                
                                                
                                                
                                                
                                                
                                                
                                                
                                                
                                                
                                                
                                                
                                                
                                                
                                                
                                                
                                                
                                                